0,349
0,348
0,347
0,346
0,344
0,343
0,342
0,340
38,4
40,1
40,3
37,1
37,3
38,3
0,339
82,35
3,2
3,1
3,3
20,2
20,1
20,3
0,316
19,2
19,1
19,3
55,3
55,2
55,1
55,0
54,4
54,3
54,2
54,1
54,0
53,5
53,4
53,3
53,2
53,1
53,0
48,7
48,6
48,5
48,4
48,3
18,1
48,2
48,1
47,5
47,4
18,3
47,3
47,2
47,1
46,32
13,3
46,31
46,30
46,29
46,28
46,27
46,26
46,25
46,24
46,23
46,22
46,21
46,20
46,19
46,18
46,17
46,16
46,15
46,14
46,13
46,12
46,11
46,10
46,9
46,8
46,7
46,6
46,5
46,4
46,3
46,2
46,1
46,0
45,4
45,3
45,1
44,6
44,3
44,1
43,5
2,2
43,4
43,3
2,1
43,1
2,3
42,4
42,3
42,1
41,5
41,4
41,1
41,3
38,1
38,5
14,5
14,4
14,3
14,1
13,1
